[header]
width=25
height=50
tilewidth=70
tileheight=70
orientation=orthogonal

[tilesets]
tileset=tiles_spritesheet.png,70,70,0,0
tileset=enemies_spritesheet.png,76,31,0,0

[layer]
type=Tile Layer 1
data=
44,44,44,44,44,44,44,44,44,44,44,44,44,44,44,44,44,44,44,44,44,44,44,44,44,
44,44,44,44,44,44,44,44,44,44,44,44,44,46,44,44,44,44,44,44,44,44,44,44,44,
44,44,44,44,44,44,44,44,44,44,44,44,44,58,44,44,44,44,44,44,44,44,44,44,44,
44,44,44,44,44,44,44,44,44,44,44,44,44,58,44,44,44,44,44,44,44,44,44,44,44,
44,44,44,44,44,44,44,44,62,62,62,62,62,62,62,62,62,62,62,44,44,44,44,44,44,
44,44,44,44,44,44,44,44,44,44,44,44,44,44,44,44,44,44,44,44,44,44,44,44,44,
44,44,44,44,44,44,44,44,44,44,44,44,44,44,44,44,44,44,44,44,44,44,44,44,44,
44,44,44,44,44,44,44,44,44,44,44,44,44,44,44,44,44,44,44,44,44,44,44,44,44,
44,44,44,44,44,44,44,44,44,44,44,44,44,44,44,44,44,44,44,44,44,44,44,44,44,
44,44,62,44,44,44,44,44,44,44,44,44,44,44,44,44,44,44,44,44,44,44,44,44,44,
44,62,44,44,44,44,44,44,44,44,44,44,44,44,44,44,44,44,44,44,44,44,44,44,44,
62,44,44,44,44,44,44,44,44,44,44,44,44,44,44,44,44,44,44,44,44,44,44,44,44,
44,44,44,44,44,44,44,44,44,62,62,62,44,44,44,44,44,44,44,44,44,44,44,44,44,
44,44,44,44,62,44,44,44,44,44,44,44,44,44,44,44,44,44,44,44,44,44,44,44,44,
44,44,44,44,44,44,44,44,44,44,44,44,44,44,44,44,44,44,44,44,44,44,44,44,44,
44,44,44,44,44,44,44,44,44,44,44,44,44,44,44,44,44,62,62,62,62,44,44,44,44,
44,44,44,44,62,62,62,44,44,44,44,44,44,44,44,44,44,44,44,44,44,44,44,44,44,
44,44,44,44,44,44,44,44,44,44,44,44,44,44,44,44,44,44,44,44,44,44,44,62,62,
44,44,44,44,44,44,44,44,44,44,44,44,44,44,44,44,44,44,44,44,44,44,44,44,44,
62,44,44,44,44,44,44,44,44,44,44,44,44,44,44,44,44,44,44,44,44,44,44,44,44,
44,62,44,44,44,44,44,44,44,44,44,44,44,44,44,44,44,44,44,44,62,62,62,44,44,
44,44,62,44,44,44,44,44,44,44,44,44,44,44,44,44,44,44,44,44,44,44,44,44,44,
44,44,44,62,62,62,62,62,62,62,44,44,44,44,44,44,44,44,44,44,44,44,44,44,44,
44,44,44,44,44,44,44,44,44,44,44,44,44,44,62,62,62,62,44,44,44,44,44,44,62,
44,44,44,44,44,44,44,44,44,44,44,44,44,62,44,44,44,44,44,44,44,44,44,44,44,
44,44,44,44,44,44,44,44,44,44,44,44,62,44,44,44,44,44,44,44,44,44,44,44,44,
62,62,62,44,44,44,44,44,44,44,44,44,44,44,44,44,44,44,44,44,44,44,44,44,44,
44,44,44,44,44,44,44,44,44,44,44,44,44,44,44,44,44,44,44,44,44,44,62,62,44,
44,44,44,44,44,44,44,44,44,44,44,44,44,44,44,44,44,44,44,44,44,44,44,44,44,
44,44,44,44,44,44,44,44,62,62,62,62,62,44,44,44,44,44,44,44,44,44,44,44,44,
44,44,44,44,44,44,44,44,44,44,44,44,44,44,44,44,44,44,44,44,44,44,44,44,62,
44,44,44,44,44,44,44,44,44,44,44,44,44,44,44,44,44,44,44,44,44,44,44,44,44,
62,62,62,62,62,62,44,44,44,44,44,44,44,44,62,44,44,44,44,44,44,44,44,44,44,
44,44,44,44,44,44,44,44,44,44,44,44,44,44,44,44,44,44,44,44,44,44,44,44,44,
44,44,44,44,44,44,44,44,44,44,44,44,44,44,44,62,62,62,44,44,62,62,62,62,44,
44,44,44,44,44,62,44,44,44,44,44,44,44,44,44,44,44,44,44,44,44,44,44,44,44,
44,44,44,44,44,44,44,44,44,44,44,44,44,44,44,44,44,44,44,44,44,44,44,44,44,
44,44,44,44,44,44,44,44,62,62,62,62,62,44,44,44,44,44,44,44,44,44,44,44,44,
44,44,62,62,62,44,44,44,44,44,44,44,44,44,44,44,44,44,44,44,44,44,44,44,44,
44,44,44,44,44,44,44,44,44,44,44,44,44,44,44,44,44,44,44,44,44,44,44,44,44,
62,44,44,44,44,44,44,44,44,44,44,44,44,44,62,62,62,62,44,44,44,44,44,44,44,
44,44,44,44,44,44,44,44,44,44,44,44,44,44,44,44,44,44,44,44,44,44,44,44,44,
44,44,62,62,44,44,44,44,44,44,44,44,44,44,44,44,44,44,44,44,44,44,44,44,44,
44,44,44,44,44,44,44,44,44,62,62,62,62,44,44,44,44,44,44,44,44,44,44,44,44,
62,44,44,44,44,44,44,44,44,44,44,44,44,44,44,44,44,44,44,44,44,44,44,62,62,
44,44,44,44,44,44,44,44,44,44,44,44,44,44,44,44,44,44,44,44,44,44,44,44,44,
44,44,44,62,62,62,44,44,44,44,44,44,44,44,44,62,62,62,62,44,44,44,44,44,44,
44,44,44,44,44,44,44,44,44,44,44,44,44,44,44,44,44,44,44,44,44,44,44,44,44,
44,44,44,44,44,44,44,44,44,62,62,62,62,44,44,44,44,44,44,44,62,62,62,44,44,
62,62,62,62,62,62,44,44,44,44,44,44,44,44,44,44,44,44,44,44,44,44,44,44,62

//[layer]
type=Door Layer
data=
0,0,0,0,0,0,0,0,0,0,0,0,0,0,0,0,0,0,0,0,0,0,0,0,0,
0,0,0,0,0,0,0,0,0,0,0,0,0,46,0,0,0,0,0,0,0,0,0,0,0,
0,0,0,0,0,0,0,0,0,0,0,0,0,58,0,0,0,0,0,0,0,0,0,0,0,
0,0,0,0,0,0,0,0,0,0,0,0,0,58,0,0,0,0,0,0,0,0,0,0,0,
0,0,0,0,0,0,0,0,0,0,0,0,0,0,0,0,0,0,0,0,0,0,0,0,0,
0,0,0,0,0,0,0,0,0,0,0,0,0,0,0,0,0,0,0,0,0,0,0,0,0,
0,0,0,0,0,0,0,0,0,0,0,0,0,0,0,0,0,0,0,0,0,0,0,0,0,
0,0,0,0,0,0,0,0,0,0,0,0,0,0,0,0,0,0,0,0,0,0,0,0,0,
0,0,0,0,0,0,0,0,0,0,0,0,0,0,0,0,0,0,0,0,0,0,0,0,0,
0,0,0,0,0,0,0,0,0,0,0,0,0,0,0,0,0,0,0,0,0,0,0,0,0,
0,0,0,0,0,0,0,0,0,0,0,0,0,0,0,0,0,0,0,0,0,0,0,0,0,
0,0,0,0,0,0,0,0,0,0,0,0,0,0,0,0,0,0,0,0,0,0,0,0,0,
0,0,0,0,0,0,0,0,0,0,0,0,0,0,0,0,0,0,0,0,0,0,0,0,0,
0,0,0,0,0,0,0,0,0,0,0,0,0,0,0,0,0,0,0,0,0,0,0,0,0,
0,0,0,0,0,0,0,0,0,0,0,0,0,0,0,0,0,0,0,0,0,0,0,0,0,
0,0,0,0,0,0,0,0,0,0,0,0,0,0,0,0,0,0,0,0,0,0,0,0,0,
0,0,0,0,0,0,0,0,0,0,0,0,0,0,0,0,0,0,0,0,0,0,0,0,0,
0,0,0,0,0,0,0,0,0,0,0,0,0,0,0,0,0,0,0,0,0,0,0,0,0,
0,0,0,0,0,0,0,0,0,0,0,0,0,0,0,0,0,0,0,0,0,0,0,0,0,
0,0,0,0,0,0,0,0,0,0,0,0,0,0,0,0,0,0,0,0,0,0,0,0,0,
0,0,0,0,0,0,0,0,0,0,0,0,0,0,0,0,0,0,0,0,0,0,0,0,0,
0,0,0,0,0,0,0,0,0,0,0,0,0,0,0,0,0,0,0,0,0,0,0,0,0,
0,0,0,0,0,0,0,0,0,0,0,0,0,0,0,0,0,0,0,0,0,0,0,0,0,
0,0,0,0,0,0,0,0,0,0,0,0,0,0,0,0,0,0,0,0,0,0,0,0,0,
0,0,0,0,0,0,0,0,0,0,0,0,0,0,0,0,0,0,0,0,0,0,0,0,0,
0,0,0,0,0,0,0,0,0,0,0,0,0,0,0,0,0,0,0,0,0,0,0,0,0,
0,0,0,0,0,0,0,0,0,0,0,0,0,0,0,0,0,0,0,0,0,0,0,0,0,
0,0,0,0,0,0,0,0,0,0,0,0,0,0,0,0,0,0,0,0,0,0,0,0,0,
0,0,0,0,0,0,0,0,0,0,0,0,0,0,0,0,0,0,0,0,0,0,0,0,0,
0,0,0,0,0,0,0,0,0,0,0,0,0,0,0,0,0,0,0,0,0,0,0,0,0,
0,0,0,0,0,0,0,0,0,0,0,0,0,0,0,0,0,0,0,0,0,0,0,0,0,
0,0,0,0,0,0,0,0,0,0,0,0,0,0,0,0,0,0,0,0,0,0,0,0,0,
0,0,0,0,0,0,0,0,0,0,0,0,0,0,0,0,0,0,0,0,0,0,0,0,0,
0,0,0,0,0,0,0,0,0,0,0,0,0,0,0,0,0,0,0,0,0,0,0,0,0,
0,0,0,0,0,0,0,0,0,0,0,0,0,0,0,0,0,0,0,0,0,0,0,0,0,
0,0,0,0,0,0,0,0,0,0,0,0,0,0,0,0,0,0,0,0,0,0,0,0,0,
0,0,0,0,0,0,0,0,0,0,0,0,0,0,0,0,0,0,0,0,0,0,0,0,0,
0,0,0,0,0,0,0,0,0,0,0,0,0,0,0,0,0,0,0,0,0,0,0,0,0,
0,0,0,0,0,0,0,0,0,0,0,0,0,0,0,0,0,0,0,0,0,0,0,0,0,
0,0,0,0,0,0,0,0,0,0,0,0,0,0,0,0,0,0,0,0,0,0,0,0,0,
0,0,0,0,0,0,0,0,0,0,0,0,0,0,0,0,0,0,0,0,0,0,0,0,0,
0,0,0,0,0,0,0,0,0,0,0,0,0,0,0,0,0,0,0,0,0,0,0,0,0,
0,0,0,0,0,0,0,0,0,0,0,0,0,0,0,0,0,0,0,0,0,0,0,0,0,
0,0,0,0,0,0,0,0,0,0,0,0,0,0,0,0,0,0,0,0,0,0,0,0,0,
0,0,0,0,0,0,0,0,0,0,0,0,0,0,0,0,0,0,0,0,0,0,0,0,0,
0,0,0,0,0,0,0,0,0,0,0,0,0,0,0,0,0,0,0,0,0,0,0,0,0,
0,0,0,0,0,0,0,0,0,0,0,0,0,0,0,0,0,0,0,0,0,0,0,0,0,
0,0,0,0,0,0,0,0,0,0,0,0,0,0,0,0,0,0,0,0,0,0,0,0,0,
0,0,0,0,0,0,0,0,0,0,0,0,0,0,0,0,0,0,0,0,0,0,0,0,0,
0,0,0,0,0,0,0,0,0,0,0,0,0,0,0,0,0,0,0,0,0,0,0,0,0

[Player]
# Player
type=PlayerPos
location=0,48,0,0

[Enemies]
# Enemy
type=enemies
location=6,41,0,0

[Enemies]
# Enemy
type=enemies
location=7,45,0,0

[Enemies]
# Enemy
type=enemies
location=20,42,0,0

[Enemies]
# Enemy
type=enemies
location=10,32,0,0

[Enemies]
# Enemy
type=enemies
location=11,17,0,0

[Enemies]
# Enemy
type=enemies
location=13,18,0,0

[Enemies]
# Enemy
type=enemies
location=10,19,0,0

[Enemies]
# Enemy
type=enemies
location=19,31,0,0

[Enemies]
# Enemy
type=enemies
location=17,29,0,0

[Enemies]
# Enemy
type=enemies
location=4,27,0,0

[Enemies]
# Enemy
type=enemies
location=19,8,0,0

[Enemies]
# Enemy
type=enemies
location=22,8,0,0

[Enemies]
# Enemy
type=enemies
location=22,10,0,0

[Enemies]
# Enemy
type=enemies
location=14,12,0,0

[Enemies]
# Enemy
type=enemies
location=4,6,0,0

